
[wobjuserframe0]
x                              = 0.000000
y                              = 0.000000
z                              = 0.000000
k                              = 0.000000
p                              = 0.000000
s                              = 0.000000

[wobjuserframe1]
x                              = 0.000000
y                              = 0.000000
z                              = 0.000000
k                              = 0.000000
p                              = 0.000000
s                              = 0.000000

[wobjuserframe2]
x                              = 0.000000
y                              = 0.000000
z                              = 0.000000
k                              = 0.000000
p                              = 0.000000
s                              = 0.000000

[wobjuserframe10]
x                              = 423.627219
y                              = 0.000001
z                              = 679.267625
k                              = 3.141591
p                              = 0.000000
s                              = 1.161213

