
[wobjworkframe0]
x                              = 0.000000
y                              = 0.000000
z                              = 0.000000
k                              = 0.000000
p                              = 0.000000
s                              = 0.000000

[wobjworkframe1]
x                              = 0.000000
y                              = 0.000000
z                              = 0.000000
k                              = 0.000000
p                              = 0.000000
s                              = 0.000000

[wobjworkframe2]
x                              = 0.000000
y                              = 0.000000
z                              = 0.000000
k                              = 0.000000
p                              = 0.000000
s                              = 0.000000

[wobjworkframe10]
x                              = 99.759636
y                              = 86.805725
z                              = -29.403239
k                              = -2.570795
p                              = 0.000002
s                              = 2.732009

