[dof]
value                          = 2
[0]
qmin                           = 0.000000
qmax                           = 0.000000
vmin                           = 0.000000
vmax                           = 0.000000
amin                           = 0.000000
amax                           = 0.000000
jmin                           = 0.000000
jmax                           = 0.000000
angleInitial                   = 2323
totolvalue                     = 524288
reduction_ratio                = 1.000000
current_coeff                  = 1.000000
torque_coeff                   = 1.000000
torque_max                     = 0.000000
sigma                          = 0
direction                      = 1

[1]
qmin                           = 0.000000
qmax                           = 0.000000
vmin                           = 0.000000
vmax                           = 0.000000
amin                           = 0.000000
amax                           = 0.000000
jmin                           = 0.000000
jmax                           = 0.000000
angleInitial                   = 2323
totolvalue                     = 524288
reduction_ratio                = 1.000000
current_coeff                  = 1.000000
torque_coeff                   = 1.000000
torque_max                     = 0.000000
sigma                          = 0
direction                      = 1


