
[payload]
m                              = 0.001077
cmx                            = -1.275454
cmy                            = 1.927935
cmz                            = 159.825796
ixx                            = 3.427920
ixy                            = -1.010311
ixz                            = -7.605752
iyy                            = 7.698675
iyz                            = -2.423796
izz                            = -4.576267

