
[payload]
m                              = 0.001044
cmx                            = -0.830705
cmy                            = 1.991530
cmz                            = 169.092952
ixx                            = 18.154543
ixy                            = 0.144035
ixz                            = -2.392796
iyy                            = 19.329689
iyz                            = -2.834208
izz                            = -0.104566

